{
  "cities": [
    "San Francisco",
    "Los Angeles",
    "Denver",
    "Houston",
    "Miami",
    "New York"
  ],
  "codes": ["SF", "LA", "Denver", "Houston", "MIA", "NY"],
  "cost_matrix": [
    [0, 161, 223, 327, 277, 438],
    [161, 0, 182, 213, 321, 404],
    [223, 182, 0, 211, 237, 262],
    [327, 213, 211, 0, 172, 232],
    [277, 321, 237, 172, 0, 179],
    [438, 404, 262, 232, 179, 0]
  ],
  "description": "Rounded average one-way domestic airfare data used by the visualization. Order: San Francisco, Los Angeles, Denver, Houston, Miami, New York."
}
